1000000
Pi: 3.141636
tiempo = 0.026345
2000000
Pi: 3.142018
tiempo = 0.050532
3000000
Pi: 3.142579
tiempo = 0.079894
4000000
Pi: 3.142240
tiempo = 0.101643
