1000000
Pi: 3.126508
tiempo: 0.754207
2000000
Pi: 3.119484
tiempo: 1.319839
3000000
Pi: 3.127376
tiempo: 1.751215
4000000
Pi: 3.130704
tiempo: 1.569346
